>> SIAM_demo
Please download the escalator_data.m (3.7 MB) file from:
  http://cvxr.com/tfocs/demos/rpca/escalator_data.mat
Auslender & Teboulle's single-projection method
Iter    Objective   |dx|/|x|    step      errors
----+----------------------------------+----------
1   | +4.01335e+05  9.90e-01  2.50e-05 | 1.27e-01
2   | +4.01335e+05  5.03e-01  2.78e-05 | 1.27e-01
3   | +4.43768e+05  3.83e-01  3.09e-05 | 1.09e-01
4   | +4.81860e+05  2.84e-01  3.43e-05 | 7.78e-02
5   | +5.06370e+05  2.17e-01  3.81e-05 | 5.72e-02
6   | +5.22886e+05  1.79e-01  4.24e-05 | 4.65e-02
7   | +5.35592e+05  1.58e-01  4.71e-05 | 3.92e-02
8   | +5.46415e+05  1.47e-01  5.23e-05 | 3.43e-02
9   | +5.56122e+05  1.39e-01  5.81e-05 | 2.97e-02
10  | +5.64409e+05  1.29e-01  6.46e-05 | 2.61e-02
11  | +5.71034e+05  1.17e-01  7.17e-05 | 2.34e-02
12  | +5.76275e+05  1.05e-01  7.97e-05 | 2.11e-02
13  | +5.80470e+05  9.51e-02  8.86e-05 | 1.87e-02
14  | +5.83832e+05  8.76e-02  9.84e-05 | 1.63e-02
15  | +5.86179e+05  5.51e-02  5.30e-05 | 1.31e-02
16  | +5.87498e+05  5.24e-02  5.88e-05 | 1.28e-02
17  | +5.88707e+05  5.00e-02  6.54e-05 | 1.13e-02
18  | +5.89711e+05  4.76e-02  7.26e-05 | 9.94e-03
19  | +5.90514e+05  4.48e-02  8.07e-05 | 9.08e-03
20  | +5.91161e+05  4.20e-02  8.97e-05 | 8.18e-03
21  | +5.91663e+05  3.93e-02  9.96e-05 | 7.77e-03
22  | +5.92036e+05  2.32e-02  4.34e-05 | 6.32e-03
23  | +5.92232e+05  2.25e-02  4.83e-05 | 5.68e-03
24  | +5.92396e+05  2.18e-02  5.36e-05 | 5.49e-03
25  | +5.92552e+05  2.10e-02  5.96e-05 | 4.82e-03
Finished: Iteration limit reached
Elapsed time is 21.990241 seconds.
Auslender & Teboulle's single-projection method
Iter    Objective   |dx|/|x|    step      errors
----+----------------------------------+----------
1   | +4.00310e+05  9.76e-01  2.50e-05 | 1.27e-01
2   | +4.00310e+05  5.03e-01  2.78e-05 | 1.27e-01
3   | +4.41677e+05  3.84e-01  3.09e-05 | 1.10e-01
4   | +4.78872e+05  2.84e-01  3.43e-05 | 7.85e-02
5   | +5.02619e+05  2.16e-01  3.81e-05 | 5.77e-02
6   | +5.18395e+05  1.77e-01  4.24e-05 | 4.67e-02
7   | +5.30329e+05  1.55e-01  4.71e-05 | 3.93e-02
8   | +5.40291e+05  1.43e-01  5.23e-05 | 3.44e-02
9   | +5.49149e+05  1.35e-01  5.81e-05 | 2.99e-02
10  | +5.56689e+05  1.26e-01  6.46e-05 | 2.64e-02
11  | +5.62794e+05  1.15e-01  7.17e-05 | 2.34e-02
12  | +5.67545e+05  1.03e-01  7.97e-05 | 2.09e-02
13  | +5.71348e+05  9.27e-02  8.86e-05 | 1.83e-02
14  | +5.74275e+05  8.42e-02  9.84e-05 | 1.63e-02
15  | +5.76533e+05  7.74e-02  1.09e-04 | 1.51e-02
16  | +5.77988e+05  4.14e-02  4.29e-05 | 1.33e-02
17  | +5.78839e+05  3.98e-02  4.76e-05 | 1.09e-02
18  | +5.79533e+05  3.84e-02  5.29e-05 | 1.02e-02
19  | +5.80170e+05  3.70e-02  5.88e-05 | 8.97e-03
20  | +5.80692e+05  3.55e-02  6.53e-05 | 8.19e-03
21  | +5.81127e+05  3.38e-02  7.26e-05 | 7.48e-03
22  | +5.81489e+05  3.20e-02  8.06e-05 | 6.77e-03
23  | +5.81786e+05  3.02e-02  8.96e-05 | 6.16e-03
24  | +5.82022e+05  2.85e-02  9.96e-05 | 5.80e-03
25  | +5.82200e+05  1.78e-02  4.77e-05 | 5.15e-03
Finished: Iteration limit reached
Elapsed time is 21.977382 seconds.
"S" from equality constrained version has  	21.5% nonzero entries
"S" from inequality constrained version has  	21.5% nonzero entries
"L" from equality constrained version has numerical rank	 171 (of 200 possible)
"L" from inequality constrained version has numerical rank	 151 (of 200 possible)
